100 250 25
8 28 1
28 50 1
50 54 1
54 65 1
65 58 1
58 60 1
98 84 2
84 63 2
63 15 2
15 4 2
4 18 2
18 46 2
46 87 2
87 25 2
25 88 2
88 26 2
26 66 2
66 54 2
54 91 2
91 64 2
64 99 2
71 12 3
12 98 3
98 93 3
93 84 3
84 76 3
76 91 3
91 35 3
35 39 3
39 17 3
17 38 3
38 89 3
89 96 3
96 77 3
77 88 3
72 69 4
69 22 4
22 73 4
73 61 4
61 31 4
31 91 4
91 20 4
20 6 4
6 65 4
65 63 4
63 1 4
13 21 5
21 31 5
31 26 5
26 90 5
90 38 5
38 50 5
50 55 5
55 39 5
39 5 5
5 88 5
88 48 5
12 32 6
32 10 6
10 5 6
5 46 6
46 35 6
35 90 6
90 45 6
45 8 6
8 96 6
96 91 6
33 85 7
85 41 7
41 35 7
35 1 7
1 50 7
50 13 7
13 87 7
87 28 7
28 60 7
60 55 7
55 36 7
90 88 8
88 29 8
29 61 8
61 14 8
14 22 8
22 6 8
92 53 9
53 33 9
33 30 9
30 19 9
19 48 9
48 25 9
25 28 9
28 70 9
70 71 9
71 98 9
12 94 10
94 82 10
82 39 10
39 31 10
31 100 10
100 1 10
1 16 10
16 29 10
29 60 10
60 17 10
17 88 10
88 4 10
4 15 10
15 34 10
77 50 11
50 72 11
72 34 11
34 38 11
38 87 11
87 62 11
62 22 11
22 16 11
16 7 11
81 22 12
22 36 12
36 56 12
56 49 12
49 60 12
60 84 12
84 10 12
10 99 12
99 16 12
16 23 12
23 37 12
37 42 12
42 9 12
88 8 13
8 43 13
43 45 13
45 30 13
30 16 13
16 90 13
90 63 13
63 75 13
75 5 13
5 18 13
18 51 13
51 78 13
15 57 14
57 82 14
82 59 14
59 30 14
30 10 14
10 64 14
64 90 14
90 42 14
42 29 14
29 33 14
33 32 14
68 97 15
97 60 15
60 94 15
94 21 15
21 19 15
19 69 15
69 23 15
23 54 15
54 14 15
8 11 16
11 80 16
80 30 16
30 60 16
60 33 16
33 78 16
48 98 17
98 22 17
22 67 17
67 78 17
78 43 17
43 26 17
26 40 17
40 75 17
75 12 17
12 23 17
23 56 17
96 18 18
18 99 18
99 81 18
81 16 18
16 21 18
21 70 18
79 50 19
50 27 19
27 69 19
69 71 19
71 9 19
9 74 19
74 70 19
70 53 19
53 6 19
28 94 20
94 72 20
72 30 20
30 65 20
65 3 20
3 51 20
51 21 20
99 69 21
69 56 21
56 59 21
59 93 21
93 18 21
18 62 21
62 41 21
41 42 21
42 11 21
11 26 21
54 48 22
48 64 22
64 19 22
19 35 22
35 68 22
68 71 22
71 18 22
18 17 22
17 27 22
27 33 22
97 39 23
39 61 23
61 27 23
27 53 23
53 4 23
4 64 23
64 52 23
52 42 23
42 8 23
8 43 23
70 39 24
39 73 24
73 53 24
53 50 24
50 17 24
17 87 24
87 96 24
96 24 24
24 23 24
23 77 24
77 88 24
88 22 24
22 31 24
43 72 25
72 46 25
46 62 25
62 33 25
33 71 25
71 17 25
